<!DOCTYPE html>
<html>

<head data-gwd-animation-mode="proMode">
  <script data-source="custom.elements.min.js" type="text/javascript" src="custom.elements.min.js"></script>
  <title>Tempo</title>
  <meta http-equiv="Content-Type" content="text/html; charset=utf-8">
  <meta name="generator" content="Google Web Designer 1.2.1.0121">
  <style type="text/css">
    html, body {
      width: 100%;
      height: 100%;
      margin: 0px;
    }
    body {
      -webkit-transform: perspective(1400px) matrix3d(1, 0, 0, 0, 0, 1, 0, 0, 0, 0, 1, 0, 0, 0, 0, 1);
      -webkit-transform-style: preserve-3d;
      width: 500px;
      height: 500px;
      background-color: transparent;
    }
    .gwd-img-448w {
      position: absolute;
      width: 100%;
      left: 0px;
      top: 0px;
      height: 100%;
      -webkit-transform: matrix3d(1, 0, 0, 0, 0, 1, 0, 0, 0, 0, 1, 0, 0, 0, 0, 1);
      -webkit-transform-style: preserve-3d;
    }
    .gwd-audio-eebb {
      position: absolute;
      width: 200px;
      height: 140px;
      left: 247px;
      top: 171px;
    }
    body .gwd-gen-gzjagwdanimation {
      -webkit-animation: gwd-gen-gzjagwdanimation_gwd-keyframes 4s linear 0s 1 normal forwards;
    }
    @-webkit-keyframes gwd-gen-gzjagwdanimation_gwd-keyframes {
      0% {
        -webkit-transform: matrix3d(1, 0, 0, 0, 0, 1, 0, 0, 0, 0, 1, 0, 0, 0, 0, 1);
        -webkit-animation-timing-function: linear;
      }
      12.5% {
        -webkit-transform: matrix3d(1, 0, 0, 0, 0, 1, 0, 0, 0, 0, 1, 0, 0, 0, 0, 1);
        -webkit-animation-timing-function: linear;
      }
      25% {
        -webkit-transform: matrix3d(1, 0, 0, 0, 0, 0.7071067812, 0.7071067812, 0, 0, -0.7071067812, 0.7071067812, 0, 0, 0, 0, 1);
        -webkit-animation-timing-function: linear;
      }
      37.5% {
        -webkit-transform: matrix3d(1, 0, 0, 0, 0, 0, 1, 0, 0, -1, 0, 0, 0, 0, 0, 1);
        -webkit-animation-timing-function: linear;
      }
      50% {
        -webkit-transform: matrix3d(1, 0, 0, 0, 0, -0.7071067812, 0.7071067812, 0, 0, -0.7071067812, -0.7071067812, 0, 0, 0, 0, 1);
        -webkit-animation-timing-function: linear;
      }
      62.5% {
        -webkit-transform: matrix3d(1, 0, 0, 0, 0, -1, 0, 0, 0, 0, -1, 0, 0, 0, 0, 1);
        -webkit-animation-timing-function: linear;
      }
      75% {
        -webkit-transform: matrix3d(1, 0, 0, 0, 0, -0.7071067812, -0.7071067812, 0, 0, 0.7071067812, -0.7071067812, 0, 0, 0, 0, 1);
        -webkit-animation-timing-function: linear;
      }
      87.5% {
        -webkit-transform: matrix3d(1, 0, 0, 0, 0, 0.7071067812, -0.7071067812, 0, 0, 0.7071067812, 0.7071067812, 0, 0, 0, 0, 1);
        -webkit-animation-timing-function: linear;
      }
      100% {
        -webkit-transform: matrix3d(1, 0, 0, 0, 0, 1, 0, 0, 0, 0, 1, 0, 0, 0, 0, 1);
        -webkit-animation-timing-function: linear;
      }
    }
    @-webkit-keyframes gwd-empty-animation {
      0% {
        opacity: 0.001;
      }
      100% {
        opacity: 0;
      }
    }
    body .event-1-animation {
      -webkit-animation: gwd-empty-animation 2.5s linear 0s 1 normal forwards;
    }
  </style>
  <script data-source="gwdaudio_min.js" data-version="1.1" data-exports-type="gwd-audio" type="text/javascript" src="gwdaudio_min.js"></script>
  <script type="text/javascript" gwd-events="support" src="gwd-events-support.1.0.js"></script>
  <script type="text/javascript" gwd-events="handlers">
    gwd.auto_BodyEvent_1 = function(event) {
      // GWD Predefined Function
      gwd.actions.gwdAudio.play('gwd-audio_1');
    };
  </script>
  <script type="text/javascript" gwd-events="registration">
    // Código de soporte para la administración de eventos en Google Web Designer
     // Este bloqueo de la secuencia de comandos se genera automáticamente. No lo edite.
    gwd.actions.events.registerEventHandlers = function(event) {
      gwd.actions.events.addHandler('document.body', 'event-1', gwd.auto_BodyEvent_1, false);
      gwd.actions.timeline.captureAnimationEnd(document.body);
    };
    gwd.actions.events.deregisterEventHandlers = function(event) {
      gwd.actions.events.removeHandler('document.body', 'event-1', gwd.auto_BodyEvent_1, false);
      gwd.actions.timeline.releaseAnimationEnd(document.body);
    };
    document.addEventListener("DOMContentLoaded", gwd.actions.events.registerEventHandlers);
    document.addEventListener("unload", gwd.actions.events.deregisterEventHandlers);
  </script>
</head>

<body>
  <img src="assets/Fireworks-photo.jpg" class="gwd-img-448w gwd-gen-gzjagwdanimation">
  <audio is="gwd-audio" id="gwd-audio_1" sources="assets/0550.ogg" class="gwd-audio-eebb"></audio>
  <div class="gwd-animation-event event-1-animation" data-event-name="event-1" data-event-time="2500"></div>
</body>

</html>